Shakespeare:

0.803199457289767
-0.214015539065260
-1.05456389374768
-1.73618855881109
-2.41311041988691
-3.02429006943895
-3.59489282837061
-4.09265280037406
-4.45462659583519
-4.83853089841870
-5.27845334673352
-5.73500512596705
-6.02433454835719
-6.02435139645598
-5.85711429764772
-5.46540112233545
-4.80546292243717
-3.99155573525626
-2.97192438884660
-1.94034840792330
-0.877081750066792
0.216713273379009

Binary(p=0.5):

2.41429642361804
2.81108510736679
2.91409470274962
2.86042466690591
2.84889079110353
2.85584733788362
2.84770641560751
2.84480728983559
2.91194724153106
2.91863312580356
2.91787767285395
2.92165176669787
2.91004952993808
2.90979638662705
2.90561331775082
2.90358124246028
2.89517096756710
2.88774328630779
2.86264319166727
2.81901346342987
2.70596800975404
2.46435622023373
1.84658484361229

Binary(p=0.99):

2.89248275099741
3.02642330976501
3.55105650748279
4.31161476682086
5.21135513275823
6.17354103525871
7.12163133700790
7.99588470544098
8.52749217143845
8.81961306800890
8.72924403060594
8.72713034487040
8.72330043795383
8.72347575459079

DNA:

3.05545376517912
2.16614989678400
1.46344805902907
1.44634988032100
1.43260123882502
1.43388553601349
1.44284388799273
1.44092859179755
1.49432347325296
1.50938453095005
1.56942415571117
1.58554494347864
1.69619966494853
1.86332175364117
2.16736039906137
2.64163802669629
3.30194562035685
4.11486046018883
5.03007054091886
5.99365267379040
6.94210319639315
