Shakespeare:

-0.452164850214173
-0.586139620798551
-0.562256659537233
-0.420883453330712
-0.505712409758575
-0.613879228216028
-0.655222951021152
-0.501361420451923
-0.652831914202673
-0.710014927520556
-0.197785140797521
-0.461673567516141
-0.514446677515182
-0.572447924864750
-0.670858031992515
-0.161424413183947
-0.148326392588785
-0.154425407294014
0.272377710792862
0.247504503406264
0.689409284214424
1.37471198557480

Binary(p=0.5):

1.42325265915992
1.66099297726420
1.75833435787757
1.74309699565332
1.77783327013328
1.62215545636260
1.78838982588689
1.74283294306882
1.75729223331815
1.63351335617311
1.67759863577008
1.64675632257701
1.78144530799408
1.70731332019643
1.74045411155496
1.67153283965503
1.63209832678872
1.85743714662830
1.86136357820742
1.84955501867486
2.04470985268685
2.18064502053574
2.62354920360234

Binary(p=0.99):

1.13346232055940
1.16342049165817
1.19132868428717
1.20547087377466
1.19953344470182
1.21286477271590
1.24064953757786
1.29304771998308
1.43259249437474
1.59542244097747
1.69537762643756
1.62840484584592
1.54866144072950
1.63633261914290

DNA:

1.94537382781515
2.04711102355571
2.04165122302285
2.12413456872454
2.07048425089533
2.10931962231740
2.08630274040201
2.07948186281783
1.99255107911951
2.05992242779757
2.09521166490014
2.16088199213740
2.13984095752121
2.18724709973915
2.24986454187175
2.20293677405587
2.26779927506729
2.32023297562528
2.37631400563306
2.41516756447426
2.50130683092554

