Shakespeare:

1.83091982363592
1.82516230948182
1.83366542399991
1.86795923211459
1.85176802273302
1.82816886706241
1.80827304599761
1.83914253397570
2.04360947509956
2.03066536802181
2.10721220983914
2.06574133169620
2.04382794170576
2.04513821443473
2.02669500163058
2.10321871796539
2.07197779566085
1.98394388561425
1.95232237715659
1.74256051789050
1.31981928844068
-0.0719351489450329


Binary(p=0.5):

3.41893829306887
3.45929330749342
3.50407240573820
3.51448975341109
3.51595918226240
3.51751385276186
3.51483565539065
3.51137336235002
3.72583709274560
3.67311683138785
3.67358640465016
3.67842930106723
3.67475939416011
3.68395739753772
3.67468122431708
3.67335167276745
3.66660821125285
3.64692067668407
3.61005775435859
3.53647642492896
3.38319981525683
3.02668160981065
1.90274561299451


Binary(p=0.99):

3.39730430520380
3.65681678713642
4.20552509322874
4.87251354156213
5.71436392024931
6.63928494625716
7.59596549022159
8.55084287264442
9.48665074699878
10.2309893150708
9.80510043702699
10.6073643262557
10.2070622495133
10.3216111171533

DNA:

4.08295957896777
4.03858328383179
4.08646150589976
4.12766357529433
4.11877804607886
4.13599946909583
4.11629408126384
4.12237883815558
4.31262755057660
4.33351437530786
4.31753613615506
4.35779417739107
4.37719492509408
4.42487938928940
4.50697170643450
4.65967201172689
4.94732788723891
5.38572734977192
6.00988354178035
6.76950546928825
7.57950558374769
